9
185
9
30
9
136
9
186
9
211
9
17
9
146
9
299
9
232
9
121
9
271
8
251
8
18
8
72
8
132
8
24
8
164
8
117
7
144
7
94
7
24
7
62
7
65
7
121
7
214
7
263
7
167
7
256
7
124
7
194
7
11
7
183
6
216
6
117
6
209
6
209
6
123
6
220
6
159
6
38
6
255
6
171
6
28
6
65
6
13
6
97
5
285
5
168
5
252
5
215
5
37
5
215
5
0
5
106
5
148
5
276
4
215
4
102
4
62
4
191
4
58
4
137
4
31
4
124
4
57
4
276
4
123
4
282
4
227
4
84
4
262
3
212
3
299
3
179
3
190
3
294
3
73
3
102
2
269
2
167
2
95
2
170
2
229
2
65
2
116
2
57
2
49
1
4
1
190
1
25
1
74
1
265
1
126
0
169
0
178
0
59
0
136
0
138
0
265
0
6
